[gd_scene load_steps=11 format=3 uid="uid://c2bxkh05oa1qf"]

[ext_resource type="Material" uid="uid://dsl744elr5q4v" path="res://Scenes/environment/rail.material" id="1_5c6k7"]
[ext_resource type="Material" uid="uid://d1j362inqf22g" path="res://Scenes/environment/wall.material" id="1_qib3r"]
[ext_resource type="Script" path="res://Scenes/environment/Stage/stage.gd" id="2_d2r1i"]

[sub_resource type="BoxMesh" id="BoxMesh_u5srs"]
size = Vector3(45, 0.5, 17.5)

[sub_resource type="BoxShape3D" id="BoxShape3D_a03rp"]
size = Vector3(45, 0.5, 17.5)

[sub_resource type="BoxMesh" id="BoxMesh_f5l3u"]
size = Vector3(17.5, 1, 1)

[sub_resource type="BoxShape3D" id="BoxShape3D_hj5wy"]
size = Vector3(17.5, 1, 1)

[sub_resource type="BoxMesh" id="BoxMesh_2i0pq"]
size = Vector3(45, 1, 1)

[sub_resource type="BoxShape3D" id="BoxShape3D_kry8w"]
size = Vector3(45, 1, 1)

[sub_resource type="BoxShape3D" id="BoxShape3D_vlnrn"]
size = Vector3(40, 1, 1)

[node name="stage" type="MeshInstance3D"]
transform = Transform3D(1, 0, 0, 0, 1, 0, 0, 0, 1, -12.5, 12.5, 0)
mesh = SubResource("BoxMesh_u5srs")
surface_material_override/0 = ExtResource("1_qib3r")
script = ExtResource("2_d2r1i")

[node name="AnimatableBody3D" type="RigidBody3D" parent="."]
collision_mask = 5

[node name="CollisionShape3D" type="CollisionShape3D" parent="AnimatableBody3D"]
shape = SubResource("BoxShape3D_a03rp")

[node name="rail" type="MeshInstance3D" parent="."]
transform = Transform3D(-4.37114e-08, 0.707107, 0.707107, 0, 0.707107, -0.707107, -1, -3.09086e-08, -3.09086e-08, 22.5, 0, 0)
mesh = SubResource("BoxMesh_f5l3u")
skeleton = NodePath("../..")
surface_material_override/0 = ExtResource("1_5c6k7")

[node name="AnimatableBody3D" type="AnimatableBody3D" parent="rail"]
collision_mask = 5

[node name="CollisionShape3D" type="CollisionShape3D" parent="rail/AnimatableBody3D"]
shape = SubResource("BoxShape3D_hj5wy")

[node name="rail2" type="MeshInstance3D" parent="."]
transform = Transform3D(-4.37114e-08, 0.707107, 0.707107, 0, 0.707107, -0.707107, -1, -3.09086e-08, -3.09086e-08, -22.5, 0, 0)
mesh = SubResource("BoxMesh_f5l3u")
skeleton = NodePath("../..")
surface_material_override/0 = ExtResource("1_5c6k7")

[node name="AnimatableBody3D" type="AnimatableBody3D" parent="rail2"]
collision_mask = 5

[node name="CollisionShape3D" type="CollisionShape3D" parent="rail2/AnimatableBody3D"]
shape = SubResource("BoxShape3D_hj5wy")

[node name="rail3" type="MeshInstance3D" parent="."]
transform = Transform3D(1, 0, 0, 0, 0.707107, -0.707107, 0, 0.707107, 0.707107, 0, 0, 8.75)
mesh = SubResource("BoxMesh_2i0pq")
skeleton = NodePath("../..")
surface_material_override/0 = ExtResource("1_5c6k7")

[node name="AnimatableBody3D" type="AnimatableBody3D" parent="rail3"]
collision_mask = 5

[node name="CollisionShape3D" type="CollisionShape3D" parent="rail3/AnimatableBody3D"]
shape = SubResource("BoxShape3D_kry8w")

[node name="rail4" type="MeshInstance3D" parent="."]
transform = Transform3D(1, 0, 0, 0, 0.707107, -0.707107, 0, 0.707107, 0.707107, 0, 0, -8.75)
mesh = SubResource("BoxMesh_2i0pq")
skeleton = NodePath("../..")
surface_material_override/0 = ExtResource("1_5c6k7")

[node name="AnimatableBody3D" type="AnimatableBody3D" parent="rail4"]
collision_mask = 5

[node name="CollisionShape3D" type="CollisionShape3D" parent="rail4/AnimatableBody3D"]
shape = SubResource("BoxShape3D_vlnrn")
