[gd_scene load_steps=46 format=3 uid="uid://bplpok0vdxb3l"]

[ext_resource type="Script" path="res://Scenes/humanoid/humanoid.gd" id="1_omd7n"]
[ext_resource type="Script" path="res://Scenes/humanoid/skeleton.gd" id="2_ldi4p"]
[ext_resource type="AnimationNodeBlendTree" uid="uid://o282sfra1obc" path="res://Scenes/humanoid/animTree.tres" id="3_1nlf8"]
[ext_resource type="Script" path="res://Scenes/humanoid/ik_hands.gd" id="3_p6mjk"]
[ext_resource type="Script" path="res://Scenes/humanoid/ragdoll.gd" id="4_1erm7"]
[ext_resource type="Script" path="res://Scenes/humanoid/animTree.tres.gd" id="5_6swf7"]
[ext_resource type="ArrayMesh" uid="uid://dkrvskqnfamyw" path="res://Scenes/humanoid/humanoid.tres" id="5_b5sbe"]
[ext_resource type="Shader" path="res://shaders/object_outline.gdshader" id="6_rg0yq"]
[ext_resource type="PackedScene" uid="uid://cv4wc5my34rxm" path="res://Scenes/humanoid/slappy_feet/slappy_feet.tscn" id="8_g1pbr"]
[ext_resource type="AudioStream" uid="uid://c3y031bmnuw74" path="res://audio/deepSwing.mp3" id="11_030sq"]
[ext_resource type="AudioStream" uid="uid://bwlo06x8jfil" path="res://audio/punch.mp3" id="11_neikv"]

[sub_resource type="PhysicsMaterial" id="PhysicsMaterial_vc0al"]
resource_local_to_scene = true
friction = 0.0

[sub_resource type="CapsuleShape3D" id="CapsuleShape3D_26vqe"]
resource_local_to_scene = true
radius = 0.15
height = 1.2

[sub_resource type="CapsuleShape3D" id="CapsuleShape3D_ynv38"]
resource_local_to_scene = true
radius = 0.2
height = 0.5

[sub_resource type="CapsuleShape3D" id="CapsuleShape3D_e1a1j"]
radius = 0.1
height = 0.4

[sub_resource type="Skin" id="Skin_vic1c"]
resource_name = "Skin"
bind_count = 55
bind/0/name = &"lowerBody"
bind/0/bone = -1
bind/0/pose = Transform3D(1, -1.54053e-07, 1.45647e-07, 1.45647e-07, 0.998428, 0.0560551, -1.54053e-07, -0.0560551, 0.998428, -7.79873e-05, -0.984339, 0.0859852)
bind/1/name = &"hip.l"
bind/1/bone = -1
bind/1/pose = Transform3D(0.231633, 0.449322, -0.862819, 0.905149, -0.424529, 0.0219192, -0.356443, -0.786057, -0.505038, -0.473203, 0.413102, 0.797074)
bind/2/name = &"upperLeg.l"
bind/2/bone = -1
bind/2/pose = Transform3D(0.994525, 0.0865914, 0.0584972, 0.0855211, -0.996124, 0.0205659, 0.0600512, -0.0154503, -0.998076, -0.188554, 0.961806, -0.00397264)
bind/3/name = &"lowerLeg.l"
bind/3/bone = -1
bind/3/pose = Transform3D(0.996708, 0.0729898, 0.0353018, 0.0784762, -0.977901, -0.193783, 0.0203774, 0.195916, -0.980409, -0.181387, 0.532344, -0.115923)
bind/4/name = &"foot.l"
bind/4/bone = -1
bind/4/pose = Transform3D(0.978989, 0.200031, 0.0396069, 0.0332221, -0.348099, 0.936869, 0.20119, -0.915869, -0.34743, -0.187491, 0.113602, -0.000601275)
bind/5/name = &"toes.l"
bind/5/bone = -1
bind/5/pose = Transform3D(0.978404, 0.206646, 0.00492007, 7.72998e-08, -0.0238027, 0.999717, 0.206705, -0.978127, -0.0232884, -0.185986, -0.0441104, -0.0146671)
bind/6/name = &"upperBody"
bind/6/bone = -1
bind/6/pose = Transform3D(1, 1.17358e-08, -1.20552e-08, -1.20553e-08, 0.999639, -0.0268509, 1.17358e-08, 0.0268508, 0.999639, -7.81845e-05, -1.16999, -0.0109787)
bind/7/name = &"neck"
bind/7/bone = -1
bind/7/pose = Transform3D(1, -3.13836e-07, 3.79861e-07, 1.57214e-07, 0.933851, 0.357662, -4.66981e-07, -0.357662, 0.933851, -7.76405e-05, -1.51175, 0.61416)
bind/8/name = &"head"
bind/8/bone = -1
bind/8/pose = Transform3D(1, 6.07144e-14, -1.59514e-13, -2.24228e-14, 0.94859, 0.316509, 1.57292e-13, -0.316509, 0.94859, -7.81787e-05, -1.62426, 0.543696)
bind/9/name = &"chin"
bind/9/bone = -1
bind/9/pose = Transform3D(1, 4.90826e-15, 1.998e-15, -1.22068e-14, -0.377719, 0.92592, 2.14477e-14, -0.92592, -0.377719, -7.81787e-05, 0.648245, 1.60522)
bind/10/name = &"collar.r"
bind/10/bone = -1
bind/10/pose = Transform3D(-0.0315999, -0.0251853, -0.999183, -0.999183, -0.024394, 0.0322149, -0.0251855, 0.999385, -0.024394, 0.0101171, -0.0113509, -1.5775)
bind/11/name = &"upperArm.r"
bind/11/bone = -1
bind/11/pose = Transform3D(0.69126, -0.46324, -0.554588, -0.561342, -0.827541, -0.00844527, -0.455032, 0.317152, -0.832082, 0.857262, 1.18643, -0.611108)
bind/12/name = &"lowerArm.r"
bind/12/bone = -1
bind/12/pose = Transform3D(0.493792, -0.622671, -0.607001, -0.601583, -0.748654, 0.278596, -0.627907, 0.227593, -0.744267, 0.984595, 0.739643, -0.560918)
bind/13/name = &"hand.r"
bind/13/bone = -1
bind/13/pose = Transform3D(0.706631, -0.532732, -0.465692, -0.52714, -0.83538, 0.155768, -0.472012, 0.135415, -0.87113, 0.997778, 0.61125, -0.367279)
bind/14/name = &"thumb1.r"
bind/14/bone = -1
bind/14/pose = Transform3D(0.557703, -0.636847, 0.532348, -0.264993, 0.471181, 0.841288, -0.786604, -0.610257, 0.0940194, 0.94843, -0.713661, 0.189971)
bind/15/name = &"thumb2.r"
bind/15/bone = -1
bind/15/pose = Transform3D(0.819662, 0.567317, -0.0794131, -0.0794128, 0.249821, 0.96503, 0.567316, -0.784692, 0.249821, -0.126566, -0.406009, 1.13918)
bind/16/name = &"thumb3.r"
bind/16/bone = -1
bind/16/pose = Transform3D(0.740848, -0.656918, 0.14001, 0.14001, 0.354907, 0.924358, -0.656918, -0.665206, 0.354908, 1.11495, -0.40699, 0.293343)
bind/17/name = &"middle1.r"
bind/17/bone = -1
bind/17/pose = Transform3D(0.854456, -0.398443, -0.333387, -0.33774, -0.913631, 0.226299, -0.39476, -0.0807644, -0.915227, 0.943788, 0.690536, -0.0895167)
bind/18/name = &"middle2.r"
bind/18/bone = -1
bind/18/pose = Transform3D(0.905114, -0.31922, -0.280831, -0.280831, -0.944792, 0.168828, -0.31922, -0.0739425, -0.944791, 0.894769, 0.717431, -0.0464371)
bind/19/name = &"middle3.r"
bind/19/bone = -1
bind/19/pose = Transform3D(0.947649, -0.254572, -0.192756, -0.192756, -0.937329, 0.290276, -0.254572, -0.237925, -0.937328, 0.853506, 0.722509, 0.146144)
bind/20/name = &"ring1.r"
bind/20/bone = -1
bind/20/pose = Transform3D(0.841639, -0.417308, -0.34278, -0.348436, -0.904557, 0.245702, -0.412597, -0.0873555, -0.906715, 0.944211, 0.673191, -0.112984)
bind/21/name = &"ring2.r"
bind/21/bone = -1
bind/21/pose = Transform3D(0.899052, -0.3358, -0.280968, -0.280969, -0.934635, 0.21798, -0.3358, -0.117032, -0.934634, 0.897763, 0.706058, -0.0350908)
bind/22/name = &"ring3.r"
bind/22/bone = -1
bind/22/pose = Transform3D(0.942412, -0.257622, -0.213283, -0.213284, -0.954137, 0.210076, -0.257622, -0.152488, -0.954137, 0.84699, 0.744685, 0.0484851)
bind/23/name = &"pointer1.r"
bind/23/bone = -1
bind/23/pose = Transform3D(0.798621, -0.453476, -0.395681, -0.405843, -0.891268, 0.202319, -0.444404, -0.000992, -0.895826, 0.975479, 0.61881, -0.182061)
bind/24/name = &"pointer2.r"
bind/24/bone = -1
bind/24/pose = Transform3D(0.845527, -0.425119, -0.323045, -0.323045, -0.889039, 0.324426, -0.425119, -0.169953, -0.889039, 0.969778, 0.621146, -0.00803065)
bind/25/name = &"pointer3.r"
bind/25/bone = -1
bind/25/pose = Transform3D(0.955255, -0.236725, -0.177338, -0.177338, -0.938217, 0.297154, -0.236725, -0.252409, -0.938217, 0.844059, 0.745329, 0.193909)
bind/26/name = &"pinky1.r"
bind/26/bone = -1
bind/26/pose = Transform3D(0.827358, -0.425329, -0.366841, -0.375177, -0.904541, 0.2026, -0.417995, -0.0299927, -0.907954, 0.935034, 0.656787, -0.190291)
bind/27/name = &"pinky2.r"
bind/27/bone = -1
bind/27/pose = Transform3D(0.89402, -0.342876, -0.288381, -0.288382, -0.932999, 0.215287, -0.342877, -0.109307, -0.932999, 0.89399, 0.704547, -0.0668284)
bind/28/name = &"pinky3.r"
bind/28/bone = -1
bind/28/pose = Transform3D(0.945374, -0.247165, -0.212549, -0.212549, -0.961719, 0.172971, -0.247165, -0.118345, -0.961719, 0.832487, 0.762843, 0.00277567)
bind/29/name = &"shoulderBlade.r"
bind/29/bone = -1
bind/29/pose = Transform3D(0.930815, -0.225058, 0.28798, 0.28798, 0.936795, -0.198704, -0.225058, 0.267888, 0.936795, 0.218595, -1.21086, -0.266502)
bind/30/name = &"shoulderBlade.l"
bind/30/bone = -1
bind/30/pose = Transform3D(0.930815, 0.225058, -0.28798, -0.28798, 0.936795, -0.198704, 0.225058, 0.267888, 0.936795, -0.218595, -1.21086, -0.266502)
bind/31/name = &"collar.l"
bind/31/bone = -1
bind/31/pose = Transform3D(-0.0315999, 0.0251853, 0.999183, 0.999183, -0.0243941, 0.0322148, 0.0251855, 0.999385, -0.024394, -0.0101171, -0.0113508, -1.5775)
bind/32/name = &"upperArm.l"
bind/32/bone = -1
bind/32/pose = Transform3D(0.69126, 0.46324, 0.554588, 0.561342, -0.827541, -0.00844536, 0.455032, 0.317152, -0.832082, -0.857262, 1.18643, -0.611108)
bind/33/name = &"lowerArm.l"
bind/33/bone = -1
bind/33/pose = Transform3D(0.493792, 0.622671, 0.607001, 0.601583, -0.748653, 0.278596, 0.627907, 0.227593, -0.744267, -0.984595, 0.739642, -0.560918)
bind/34/name = &"hand.l"
bind/34/bone = -1
bind/34/pose = Transform3D(0.706631, 0.532732, 0.465692, 0.52714, -0.83538, 0.155767, 0.472012, 0.135415, -0.87113, -0.997778, 0.611249, -0.367279)
bind/35/name = &"thumb1.l"
bind/35/bone = -1
bind/35/pose = Transform3D(0.557703, 0.636847, -0.532347, 0.264993, 0.471181, 0.841289, 0.786604, -0.610257, 0.0940193, -0.94843, -0.713661, 0.189971)
bind/36/name = &"thumb2.l"
bind/36/bone = -1
bind/36/pose = Transform3D(0.819662, -0.567317, 0.079413, 0.0794129, 0.249821, 0.96503, -0.567316, -0.784692, 0.249821, 0.126566, -0.406009, 1.13918)
bind/37/name = &"thumb3.l"
bind/37/bone = -1
bind/37/pose = Transform3D(0.740848, 0.656918, -0.14001, -0.14001, 0.354908, 0.924358, 0.656918, -0.665206, 0.354908, -1.11495, -0.406991, 0.293343)
bind/38/name = &"middle1.l"
bind/38/bone = -1
bind/38/pose = Transform3D(0.854456, 0.398443, 0.333388, 0.33774, -0.91363, 0.226299, 0.39476, -0.0807645, -0.915227, -0.943788, 0.690536, -0.0895167)
bind/39/name = &"middle2.l"
bind/39/bone = -1
bind/39/pose = Transform3D(0.905114, 0.31922, 0.280831, 0.280831, -0.944792, 0.168828, 0.31922, -0.0739425, -0.944791, -0.894769, 0.717431, -0.0464371)
bind/40/name = &"middle3.l"
bind/40/bone = -1
bind/40/pose = Transform3D(0.947649, 0.254572, 0.192756, 0.192756, -0.937329, 0.290276, 0.254572, -0.237925, -0.937329, -0.853506, 0.722509, 0.146144)
bind/41/name = &"ring1.l"
bind/41/bone = -1
bind/41/pose = Transform3D(0.841639, 0.417308, 0.34278, 0.348436, -0.904557, 0.245702, 0.412597, -0.0873555, -0.906715, -0.944211, 0.673191, -0.112984)
bind/42/name = &"ring2.l"
bind/42/bone = -1
bind/42/pose = Transform3D(0.899052, 0.3358, 0.280968, 0.280968, -0.934634, 0.21798, 0.3358, -0.117032, -0.934634, -0.897763, 0.706058, -0.0350908)
bind/43/name = &"ring3.l"
bind/43/bone = -1
bind/43/pose = Transform3D(0.942412, 0.257622, 0.213283, 0.213283, -0.954137, 0.210076, 0.257622, -0.152488, -0.954137, -0.84699, 0.744685, 0.0484851)
bind/44/name = &"pinky1.l"
bind/44/bone = -1
bind/44/pose = Transform3D(0.827359, 0.425329, 0.366841, 0.375177, -0.904541, 0.2026, 0.417995, -0.0299927, -0.907954, -0.935035, 0.656788, -0.190291)
bind/45/name = &"pinky2.l"
bind/45/bone = -1
bind/45/pose = Transform3D(0.89402, 0.342877, 0.288381, 0.288381, -0.932999, 0.215287, 0.342877, -0.109307, -0.932999, -0.89399, 0.704547, -0.0668285)
bind/46/name = &"pinky3.l"
bind/46/bone = -1
bind/46/pose = Transform3D(0.945374, 0.247165, 0.212549, 0.212549, -0.961719, 0.172971, 0.247165, -0.118345, -0.961719, -0.832487, 0.762843, 0.00277564)
bind/47/name = &"pointer1.l"
bind/47/bone = -1
bind/47/pose = Transform3D(0.798621, 0.453476, 0.395681, 0.405843, -0.891268, 0.202319, 0.444404, -0.000991985, -0.895826, -0.975479, 0.61881, -0.182061)
bind/48/name = &"pointer2.l"
bind/48/bone = -1
bind/48/pose = Transform3D(0.845527, 0.425119, 0.323045, 0.323045, -0.889039, 0.324426, 0.425119, -0.169952, -0.889039, -0.969778, 0.621146, -0.0080308)
bind/49/name = &"pointer3.l"
bind/49/bone = -1
bind/49/pose = Transform3D(0.955255, 0.236725, 0.177338, 0.177338, -0.938217, 0.297154, 0.236725, -0.252409, -0.938217, -0.844059, 0.745329, 0.193909)
bind/50/name = &"hip.r"
bind/50/bone = -1
bind/50/pose = Transform3D(0.231633, -0.449322, 0.862819, -0.905149, -0.424529, 0.0219192, 0.356443, -0.786057, -0.505038, 0.473203, 0.413102, 0.797074)
bind/51/name = &"upperLeg.r"
bind/51/bone = -1
bind/51/pose = Transform3D(0.994525, -0.0865913, -0.0584975, -0.0855209, -0.996124, 0.0205657, -0.0600514, -0.0154502, -0.998076, 0.188554, 0.961805, -0.00397271)
bind/52/name = &"lowerLeg.r"
bind/52/bone = -1
bind/52/pose = Transform3D(0.996708, -0.0729898, -0.0353018, -0.078476, -0.977901, -0.193783, -0.0203773, 0.195916, -0.980409, 0.181387, 0.532344, -0.115923)
bind/53/name = &"foot.r"
bind/53/bone = -1
bind/53/pose = Transform3D(0.978989, -0.200031, -0.0396069, -0.0332221, -0.348099, 0.936869, -0.20119, -0.915869, -0.34743, 0.187491, 0.113602, -0.000601201)
bind/54/name = &"toes.r"
bind/54/bone = -1
bind/54/pose = Transform3D(0.978403, -0.206646, -0.00492008, -1.33645e-07, -0.0238024, 0.999716, -0.206704, -0.978126, -0.0232884, 0.185986, -0.0441104, -0.0146671)

[sub_resource type="ShaderMaterial" id="ShaderMaterial_eq6u0"]
render_priority = 1
shader = ExtResource("6_rg0yq")
shader_parameter/outline_multiplier = 0.3
shader_parameter/outline_width = 2.0

[sub_resource type="StandardMaterial3D" id="StandardMaterial3D_17cil"]
resource_local_to_scene = true
next_pass = SubResource("ShaderMaterial_eq6u0")
diffuse_mode = 3
albedo_color = Color(0.0784314, 0.392157, 0.392157, 1)

[sub_resource type="CapsuleShape3D" id="CapsuleShape3D_wvkh2"]
resource_local_to_scene = true
radius = 0.03
height = 0.45

[sub_resource type="SphereShape3D" id="SphereShape3D_cpdqq"]
resource_local_to_scene = true
radius = 0.15

[sub_resource type="SphereShape3D" id="SphereShape3D_46hrl"]
resource_local_to_scene = true
radius = 0.175

[sub_resource type="CapsuleShape3D" id="CapsuleShape3D_usxk3"]
resource_local_to_scene = true
radius = 0.08
height = 0.25

[sub_resource type="CapsuleShape3D" id="CapsuleShape3D_t7xn5"]
resource_local_to_scene = true
radius = 0.03
height = 0.3

[sub_resource type="CapsuleShape3D" id="CapsuleShape3D_1ny34"]
resource_local_to_scene = true
radius = 0.02
height = 0.25

[sub_resource type="CapsuleShape3D" id="CapsuleShape3D_nkquy"]
resource_local_to_scene = true
radius = 0.03
height = 0.3

[sub_resource type="CapsuleShape3D" id="CapsuleShape3D_slkk6"]
resource_local_to_scene = true
radius = 0.02
height = 0.25

[sub_resource type="CapsuleShape3D" id="CapsuleShape3D_6dcbr"]
resource_local_to_scene = true
radius = 0.03
height = 0.45

[sub_resource type="CapsuleShape3D" id="CapsuleShape3D_dqjvq"]
resource_local_to_scene = true
radius = 0.05
height = 0.35

[sub_resource type="CapsuleShape3D" id="CapsuleShape3D_uqipt"]
resource_local_to_scene = true
radius = 0.05
height = 0.35

[sub_resource type="BoxShape3D" id="BoxShape3D_lx52y"]
resource_local_to_scene = true
size = Vector3(0.05, 0.1, 0.05)

[sub_resource type="BoxShape3D" id="BoxShape3D_33x7b"]
resource_local_to_scene = true
size = Vector3(0.05, 0.1, 0.05)

[sub_resource type="BoxShape3D" id="BoxShape3D_ga6xd"]
resource_local_to_scene = true
size = Vector3(0.084549, 0.0714073, 0.0290527)

[sub_resource type="BoxShape3D" id="BoxShape3D_a18lv"]
resource_local_to_scene = true
size = Vector3(0.085, 0.0748047, 0.025)

[sub_resource type="Animation" id="Animation_cnu6c"]
resource_name = "RESET"
length = 0.001
tracks/0/type = "position_3d"
tracks/0/imported = true
tracks/0/enabled = true
tracks/0/path = NodePath("Skeleton3D:collar.r")
tracks/0/interp = 1
tracks/0/loop_wrap = true
tracks/0/keys = PackedFloat32Array(0, 1, -0.0508301, 0.4067, 0.00335504)
tracks/1/type = "rotation_3d"
tracks/1/imported = true
tracks/1/enabled = true
tracks/1/path = NodePath("Skeleton3D:collar.r")
tracks/1/interp = 1
tracks/1/loop_wrap = true
tracks/1/keys = PackedFloat32Array(0, 1, -0.497796, 0.500974, 0.514611, 0.48621)
tracks/2/type = "scale_3d"
tracks/2/imported = true
tracks/2/enabled = true
tracks/2/path = NodePath("Skeleton3D:collar.r")
tracks/2/interp = 1
tracks/2/loop_wrap = true
tracks/2/keys = PackedFloat32Array(0, 1, 1, 1, 1)
tracks/3/type = "position_3d"
tracks/3/imported = true
tracks/3/enabled = true
tracks/3/path = NodePath("Skeleton3D:collar.l")
tracks/3/interp = 1
tracks/3/loop_wrap = true
tracks/3/keys = PackedFloat32Array(0, 1, 0.0506738, 0.4067, 0.00335505)
tracks/4/type = "rotation_3d"
tracks/4/imported = true
tracks/4/enabled = true
tracks/4/path = NodePath("Skeleton3D:collar.l")
tracks/4/interp = 1
tracks/4/loop_wrap = true
tracks/4/keys = PackedFloat32Array(0, 1, -0.497795, -0.500974, -0.514611, 0.48621)
tracks/5/type = "scale_3d"
tracks/5/imported = true
tracks/5/enabled = true
tracks/5/path = NodePath("Skeleton3D:collar.l")
tracks/5/interp = 1
tracks/5/loop_wrap = true
tracks/5/keys = PackedFloat32Array(0, 1, 1, 1, 1)
tracks/6/type = "position_3d"
tracks/6/imported = true
tracks/6/enabled = true
tracks/6/path = NodePath("Skeleton3D:hip.r")
tracks/6/interp = 1
tracks/6/loop_wrap = true
tracks/6/keys = PackedFloat32Array(0, 1, -0.0198796, 0.027777, 0.0143476)
tracks/7/type = "scale_3d"
tracks/7/imported = true
tracks/7/enabled = true
tracks/7/path = NodePath("Skeleton3D:hip.r")
tracks/7/interp = 1
tracks/7/loop_wrap = true
tracks/7/keys = PackedFloat32Array(0, 1, 1, 1, 1)
tracks/8/type = "position_3d"
tracks/8/imported = true
tracks/8/enabled = true
tracks/8/path = NodePath("Skeleton3D:lowerBody")
tracks/8/interp = 1
tracks/8/loop_wrap = true
tracks/8/keys = PackedFloat32Array(0, 1, 7.81439e-05, 0.987611, -0.0306728)
tracks/9/type = "rotation_3d"
tracks/9/imported = true
tracks/9/enabled = true
tracks/9/path = NodePath("Skeleton3D:lowerBody")
tracks/9/interp = 1
tracks/9/loop_wrap = true
tracks/9/keys = PackedFloat32Array(0, 1, 0.0280386, -7.49543e-08, -7.49543e-08, 0.999607)
tracks/10/type = "position_3d"
tracks/10/imported = true
tracks/10/enabled = true
tracks/10/path = NodePath("Skeleton3D:hip.l")
tracks/10/interp = 1
tracks/10/loop_wrap = true
tracks/10/keys = PackedFloat32Array(0, 1, 0.0197233, 0.027777, 0.0143477)
tracks/11/type = "scale_3d"
tracks/11/imported = true
tracks/11/enabled = true
tracks/11/path = NodePath("Skeleton3D:hip.l")
tracks/11/interp = 1
tracks/11/loop_wrap = true
tracks/11/keys = PackedFloat32Array(0, 1, 1, 1, 1)
tracks/12/type = "position_3d"
tracks/12/imported = true
tracks/12/enabled = true
tracks/12/path = NodePath("Skeleton3D:ring1.r")
tracks/12/interp = 1
tracks/12/loop_wrap = true
tracks/12/keys = PackedFloat32Array(0, 1, 0.0139942, 0.110166, 0.00497316)
tracks/13/type = "rotation_3d"
tracks/13/imported = true
tracks/13/enabled = true
tracks/13/path = NodePath("Skeleton3D:ring1.r")
tracks/13/interp = 1
tracks/13/loop_wrap = true
tracks/13/keys = PackedFloat32Array(0, 1, -0.081067, 0.0838685, -0.0680468, 0.99084)
tracks/14/type = "position_3d"
tracks/14/imported = true
tracks/14/enabled = true
tracks/14/path = NodePath("Skeleton3D:middle1.l")
tracks/14/interp = 1
tracks/14/loop_wrap = true
tracks/14/keys = PackedFloat32Array(0, 1, 0.000417363, 0.108807, -0.0112631)
tracks/15/type = "rotation_3d"
tracks/15/imported = true
tracks/15/enabled = true
tracks/15/path = NodePath("Skeleton3D:middle1.l")
tracks/15/interp = 1
tracks/15/loop_wrap = true
tracks/15/keys = PackedFloat32Array(0, 1, -0.0743523, -0.0901846, 0.0788312, 0.990012)
tracks/16/type = "position_3d"
tracks/16/imported = true
tracks/16/enabled = true
tracks/16/path = NodePath("Skeleton3D:pointer1.r")
tracks/16/interp = 1
tracks/16/loop_wrap = true
tracks/16/keys = PackedFloat32Array(0, 1, -0.00729316, 0.117275, -0.0304498)
tracks/17/type = "rotation_3d"
tracks/17/imported = true
tracks/17/enabled = true
tracks/17/path = NodePath("Skeleton3D:pointer1.r")
tracks/17/interp = 1
tracks/17/loop_wrap = true
tracks/17/keys = PackedFloat32Array(0, 1, -0.0504198, 0.0495236, -0.0495857, 0.996266)
tracks/18/type = "position_3d"
tracks/18/imported = true
tracks/18/enabled = true
tracks/18/path = NodePath("Skeleton3D:pointer1.l")
tracks/18/interp = 1
tracks/18/loop_wrap = true
tracks/18/keys = PackedFloat32Array(0, 1, 0.00729305, 0.117275, -0.0304498)
tracks/19/type = "rotation_3d"
tracks/19/imported = true
tracks/19/enabled = true
tracks/19/path = NodePath("Skeleton3D:pointer1.l")
tracks/19/interp = 1
tracks/19/loop_wrap = true
tracks/19/keys = PackedFloat32Array(0, 1, -0.0504198, -0.0495236, 0.0495858, 0.996266)
tracks/20/type = "position_3d"
tracks/20/imported = true
tracks/20/enabled = true
tracks/20/path = NodePath("Skeleton3D:middle1.r")
tracks/20/interp = 1
tracks/20/loop_wrap = true
tracks/20/keys = PackedFloat32Array(0, 1, -0.000417433, 0.108807, -0.0112631)
tracks/21/type = "rotation_3d"
tracks/21/imported = true
tracks/21/enabled = true
tracks/21/path = NodePath("Skeleton3D:middle1.r")
tracks/21/interp = 1
tracks/21/loop_wrap = true
tracks/21/keys = PackedFloat32Array(0, 1, -0.0743522, 0.0901846, -0.0788312, 0.990012)
tracks/22/type = "position_3d"
tracks/22/imported = true
tracks/22/enabled = true
tracks/22/path = NodePath("Skeleton3D:pinky1.r")
tracks/22/interp = 1
tracks/22/loop_wrap = true
tracks/22/keys = PackedFloat32Array(0, 1, 0.0264116, 0.113122, 0.0202606)
tracks/23/type = "rotation_3d"
tracks/23/imported = true
tracks/23/enabled = true
tracks/23/path = NodePath("Skeleton3D:pinky1.r")
tracks/23/interp = 1
tracks/23/loop_wrap = true
tracks/23/keys = PackedFloat32Array(0, 1, -0.0568123, 0.0684162, -0.0654961, 0.993882)
tracks/24/type = "position_3d"
tracks/24/imported = true
tracks/24/enabled = true
tracks/24/path = NodePath("Skeleton3D:pinky1.l")
tracks/24/interp = 1
tracks/24/loop_wrap = true
tracks/24/keys = PackedFloat32Array(0, 1, -0.0264118, 0.113122, 0.0202606)
tracks/25/type = "rotation_3d"
tracks/25/imported = true
tracks/25/enabled = true
tracks/25/path = NodePath("Skeleton3D:pinky1.l")
tracks/25/interp = 1
tracks/25/loop_wrap = true
tracks/25/keys = PackedFloat32Array(0, 1, -0.0568123, -0.0684163, 0.0654962, 0.993882)
tracks/26/type = "position_3d"
tracks/26/imported = true
tracks/26/enabled = true
tracks/26/path = NodePath("Skeleton3D:ring1.l")
tracks/26/interp = 1
tracks/26/loop_wrap = true
tracks/26/keys = PackedFloat32Array(0, 1, -0.0139943, 0.110166, 0.00497326)
tracks/27/type = "rotation_3d"
tracks/27/imported = true
tracks/27/enabled = true
tracks/27/path = NodePath("Skeleton3D:ring1.l")
tracks/27/interp = 1
tracks/27/loop_wrap = true
tracks/27/keys = PackedFloat32Array(0, 1, -0.0810671, -0.0838686, 0.0680469, 0.99084)
tracks/28/type = "rotation_3d"
tracks/28/imported = true
tracks/28/enabled = true
tracks/28/path = NodePath("Skeleton3D:upperLeg.l")
tracks/28/interp = 1
tracks/28/loop_wrap = true
tracks/28/keys = PackedFloat32Array(0, 1, 0.269293, 0.454628, 0.42312, 0.736047)
tracks/29/type = "scale_3d"
tracks/29/imported = true
tracks/29/enabled = true
tracks/29/path = NodePath("Skeleton3D:upperLeg.l")
tracks/29/interp = 1
tracks/29/loop_wrap = true
tracks/29/keys = PackedFloat32Array(0, 1, 1, 1, 1)
tracks/30/type = "rotation_3d"
tracks/30/imported = true
tracks/30/enabled = true
tracks/30/path = NodePath("Skeleton3D:foot.r")
tracks/30/interp = 1
tracks/30/loop_wrap = true
tracks/30/keys = PackedFloat32Array(0, 1, -0.594161, -0.0395258, 0.0453135, 0.802096)
tracks/31/type = "scale_3d"
tracks/31/imported = true
tracks/31/enabled = true
tracks/31/path = NodePath("Skeleton3D:foot.r")
tracks/31/interp = 1
tracks/31/loop_wrap = true
tracks/31/keys = PackedFloat32Array(0, 1, 1, 1, 1)
tracks/32/type = "rotation_3d"
tracks/32/imported = true
tracks/32/enabled = true
tracks/32/path = NodePath("Skeleton3D:upperLeg.r")
tracks/32/interp = 1
tracks/32/loop_wrap = true
tracks/32/keys = PackedFloat32Array(0, 1, 0.269293, -0.454628, -0.42312, 0.736046)
tracks/33/type = "scale_3d"
tracks/33/imported = true
tracks/33/enabled = true
tracks/33/path = NodePath("Skeleton3D:upperLeg.r")
tracks/33/interp = 1
tracks/33/loop_wrap = true
tracks/33/keys = PackedFloat32Array(0, 1, 1, 1, 1)
tracks/34/type = "rotation_3d"
tracks/34/imported = true
tracks/34/enabled = true
tracks/34/path = NodePath("Skeleton3D:foot.l")
tracks/34/interp = 1
tracks/34/loop_wrap = true
tracks/34/keys = PackedFloat32Array(0, 1, -0.59416, 0.0395257, -0.0453135, 0.802096)
tracks/35/type = "scale_3d"
tracks/35/imported = true
tracks/35/enabled = true
tracks/35/path = NodePath("Skeleton3D:foot.l")
tracks/35/interp = 1
tracks/35/loop_wrap = true
tracks/35/keys = PackedFloat32Array(0, 1, 1, 1, 1)
tracks/36/type = "rotation_3d"
tracks/36/imported = true
tracks/36/enabled = true
tracks/36/path = NodePath("Skeleton3D:lowerLeg.l")
tracks/36/interp = 1
tracks/36/loop_wrap = true
tracks/36/keys = PackedFloat32Array(0, 1, 0.00282279, -0.0110315, 0.000206518, 0.999935)
tracks/37/type = "scale_3d"
tracks/37/imported = true
tracks/37/enabled = true
tracks/37/path = NodePath("Skeleton3D:lowerLeg.l")
tracks/37/interp = 1
tracks/37/loop_wrap = true
tracks/37/keys = PackedFloat32Array(0, 1, 1, 1, 1)
tracks/38/type = "rotation_3d"
tracks/38/imported = true
tracks/38/enabled = true
tracks/38/path = NodePath("Skeleton3D:lowerLeg.r")
tracks/38/interp = 1
tracks/38/loop_wrap = true
tracks/38/keys = PackedFloat32Array(0, 1, 0.00282279, 0.0110317, -0.000206513, 0.999935)
tracks/39/type = "scale_3d"
tracks/39/imported = true
tracks/39/enabled = true
tracks/39/path = NodePath("Skeleton3D:lowerLeg.r")
tracks/39/interp = 1
tracks/39/loop_wrap = true
tracks/39/keys = PackedFloat32Array(0, 1, 1, 1, 1)
tracks/40/type = "rotation_3d"
tracks/40/imported = true
tracks/40/enabled = true
tracks/40/path = NodePath("Skeleton3D:ring3.r")
tracks/40/interp = 1
tracks/40/loop_wrap = true
tracks/40/keys = PackedFloat32Array(0, 1, -0.00500319, 0.0437301, -0.0350855, 0.998415)
tracks/41/type = "rotation_3d"
tracks/41/imported = true
tracks/41/enabled = true
tracks/41/path = NodePath("Skeleton3D:pinky2.l")
tracks/41/interp = 1
tracks/41/loop_wrap = true
tracks/41/keys = PackedFloat32Array(0, 1, -0.0214096, -0.0517862, 0.0408373, 0.997593)
tracks/42/type = "rotation_3d"
tracks/42/imported = true
tracks/42/enabled = true
tracks/42/path = NodePath("Skeleton3D:middle2.l")
tracks/42/interp = 1
tracks/42/loop_wrap = true
tracks/42/keys = PackedFloat32Array(0, 1, 0.0178004, -0.0366043, 0.0395132, 0.99839)
tracks/43/type = "rotation_3d"
tracks/43/imported = true
tracks/43/enabled = true
tracks/43/path = NodePath("Skeleton3D:thumb1.l")
tracks/43/interp = 1
tracks/43/loop_wrap = true
tracks/43/keys = PackedFloat32Array(0, 1, -0.591943, -0.215014, -0.459396, 0.626361)
tracks/44/type = "rotation_3d"
tracks/44/imported = true
tracks/44/enabled = true
tracks/44/path = NodePath("Skeleton3D:pinky3.r")
tracks/44/interp = 1
tracks/44/loop_wrap = true
tracks/44/keys = PackedFloat32Array(0, 1, 0.0105163, 0.0490532, -0.0445074, 0.997749)
tracks/45/type = "rotation_3d"
tracks/45/imported = true
tracks/45/enabled = true
tracks/45/path = NodePath("Skeleton3D:thumb1.r")
tracks/45/interp = 1
tracks/45/loop_wrap = true
tracks/45/keys = PackedFloat32Array(0, 1, -0.591943, 0.215014, 0.459396, 0.626361)
tracks/46/type = "rotation_3d"
tracks/46/imported = true
tracks/46/enabled = true
tracks/46/path = NodePath("Skeleton3D:ring2.l")
tracks/46/interp = 1
tracks/46/loop_wrap = true
tracks/46/keys = PackedFloat32Array(0, 1, 0.00167825, -0.0434357, 0.0394138, 0.998277)
tracks/47/type = "rotation_3d"
tracks/47/imported = true
tracks/47/enabled = true
tracks/47/path = NodePath("Skeleton3D:pointer2.r")
tracks/47/interp = 1
tracks/47/loop_wrap = true
tracks/47/keys = PackedFloat32Array(0, 1, -0.0728491, 0.0439821, -0.0116462, 0.996305)
tracks/48/type = "rotation_3d"
tracks/48/imported = true
tracks/48/enabled = true
tracks/48/path = NodePath("Skeleton3D:pinky3.l")
tracks/48/interp = 1
tracks/48/loop_wrap = true
tracks/48/keys = PackedFloat32Array(0, 1, 0.0105163, -0.0490532, 0.0445075, 0.997749)
tracks/49/type = "rotation_3d"
tracks/49/imported = true
tracks/49/enabled = true
tracks/49/path = NodePath("Skeleton3D:middle3.l")
tracks/49/interp = 1
tracks/49/loop_wrap = true
tracks/49/keys = PackedFloat32Array(0, 1, -0.0706595, -0.0528069, 0.0254534, 0.995776)
tracks/50/type = "rotation_3d"
tracks/50/imported = true
tracks/50/enabled = true
tracks/50/path = NodePath("Skeleton3D:thumb3.l")
tracks/50/interp = 1
tracks/50/loop_wrap = true
tracks/50/keys = PackedFloat32Array(0, 1, -0.0630535, 0.614037, 0.105996, 0.779581)
tracks/51/type = "rotation_3d"
tracks/51/imported = true
tracks/51/enabled = true
tracks/51/path = NodePath("Skeleton3D:pinky2.r")
tracks/51/interp = 1
tracks/51/loop_wrap = true
tracks/51/keys = PackedFloat32Array(0, 1, -0.0214095, 0.0517863, -0.0408374, 0.997593)
tracks/52/type = "rotation_3d"
tracks/52/imported = true
tracks/52/enabled = true
tracks/52/path = NodePath("Skeleton3D:thumb2.r")
tracks/52/interp = 1
tracks/52/loop_wrap = true
tracks/52/keys = PackedFloat32Array(0, 1, 0.108209, 0.678411, -0.113925, 0.717684)
tracks/53/type = "rotation_3d"
tracks/53/imported = true
tracks/53/enabled = true
tracks/53/path = NodePath("Skeleton3D:ring3.l")
tracks/53/interp = 1
tracks/53/loop_wrap = true
tracks/53/keys = PackedFloat32Array(0, 1, -0.0050032, -0.0437301, 0.0350855, 0.998415)
tracks/54/type = "rotation_3d"
tracks/54/imported = true
tracks/54/enabled = true
tracks/54/path = NodePath("Skeleton3D:middle2.r")
tracks/54/interp = 1
tracks/54/loop_wrap = true
tracks/54/keys = PackedFloat32Array(0, 1, 0.0178003, 0.0366044, -0.0395132, 0.99839)
tracks/55/type = "rotation_3d"
tracks/55/imported = true
tracks/55/enabled = true
tracks/55/path = NodePath("Skeleton3D:pointer3.l")
tracks/55/interp = 1
tracks/55/loop_wrap = true
tracks/55/keys = PackedFloat32Array(0, 1, -0.00651459, -0.105523, 0.0778188, 0.991346)
tracks/56/type = "rotation_3d"
tracks/56/imported = true
tracks/56/enabled = true
tracks/56/path = NodePath("Skeleton3D:thumb2.l")
tracks/56/interp = 1
tracks/56/loop_wrap = true
tracks/56/keys = PackedFloat32Array(0, 1, 0.108209, -0.678411, 0.113925, 0.717684)
tracks/57/type = "rotation_3d"
tracks/57/imported = true
tracks/57/enabled = true
tracks/57/path = NodePath("Skeleton3D:middle3.r")
tracks/57/interp = 1
tracks/57/loop_wrap = true
tracks/57/keys = PackedFloat32Array(0, 1, -0.0706595, 0.0528069, -0.0254535, 0.995776)
tracks/58/type = "rotation_3d"
tracks/58/imported = true
tracks/58/enabled = true
tracks/58/path = NodePath("Skeleton3D:pointer2.l")
tracks/58/interp = 1
tracks/58/loop_wrap = true
tracks/58/keys = PackedFloat32Array(0, 1, -0.0728491, -0.0439821, 0.0116462, 0.996305)
tracks/59/type = "rotation_3d"
tracks/59/imported = true
tracks/59/enabled = true
tracks/59/path = NodePath("Skeleton3D:ring2.r")
tracks/59/interp = 1
tracks/59/loop_wrap = true
tracks/59/keys = PackedFloat32Array(0, 1, 0.00167823, 0.0434357, -0.0394138, 0.998277)
tracks/60/type = "rotation_3d"
tracks/60/imported = true
tracks/60/enabled = true
tracks/60/path = NodePath("Skeleton3D:pointer3.r")
tracks/60/interp = 1
tracks/60/loop_wrap = true
tracks/60/keys = PackedFloat32Array(0, 1, -0.00651454, 0.105523, -0.0778188, 0.991346)
tracks/61/type = "rotation_3d"
tracks/61/imported = true
tracks/61/enabled = true
tracks/61/path = NodePath("Skeleton3D:thumb3.r")
tracks/61/interp = 1
tracks/61/loop_wrap = true
tracks/61/keys = PackedFloat32Array(0, 1, -0.0630535, -0.614037, -0.105996, 0.779581)
tracks/62/type = "rotation_3d"
tracks/62/imported = true
tracks/62/enabled = true
tracks/62/path = NodePath("Skeleton3D:toes.r")
tracks/62/interp = 1
tracks/62/loop_wrap = true
tracks/62/keys = PackedFloat32Array(0, 1, -0.165056, 2.3118e-05, 0.0176584, 0.986126)
tracks/63/type = "rotation_3d"
tracks/63/imported = true
tracks/63/enabled = true
tracks/63/path = NodePath("Skeleton3D:toes.l")
tracks/63/interp = 1
tracks/63/loop_wrap = true
tracks/63/keys = PackedFloat32Array(0, 1, -0.165056, -2.31069e-05, -0.0176584, 0.986126)

[sub_resource type="Animation" id="Animation_ev0ul"]
resource_name = "breathe_loop"
length = 2.5
loop_mode = 1
tracks/0/type = "position_3d"
tracks/0/imported = true
tracks/0/enabled = true
tracks/0/path = NodePath("Skeleton3D:collar.r")
tracks/0/interp = 1
tracks/0/loop_wrap = true
tracks/0/keys = PackedFloat32Array(0, 1, -0.0547701, 0.4067, 0.00335504, 0.2, 1, -0.0547701, 0.408009, 0.00343239, 0.3, 1, -0.0547701, 0.409419, 0.00351575, 0.366667, 1, -0.0547701, 0.410545, 0.00358227, 0.666667, 1, -0.0547701, 0.416213, 0.00391729, 0.733333, 1, -0.0547701, 0.417348, 0.00398437, 0.8, 1, -0.0547701, 0.418355, 0.00404384, 0.9, 1, -0.0547701, 0.419511, 0.00411218, 1.36667, 1, -0.0547701, 0.418487, 0.00405169, 1.46667, 1, -0.0547701, 0.417429, 0.00398915, 1.66667, 1, -0.0547701, 0.414889, 0.003839, 2, 1, -0.0547701, 0.410373, 0.00357216, 2.1, 1, -0.0547701, 0.409194, 0.00350244, 2.2, 1, -0.0547701, 0.408182, 0.00344265, 2.36667, 1, -0.0547701, 0.407022, 0.00337409, 2.5, 1, -0.0547701, 0.4067, 0.00335504)
tracks/1/type = "rotation_3d"
tracks/1/imported = true
tracks/1/enabled = true
tracks/1/path = NodePath("Skeleton3D:collar.r")
tracks/1/interp = 1
tracks/1/loop_wrap = true
tracks/1/keys = PackedFloat32Array(0, 1, -0.497795, 0.500974, 0.514611, 0.48621, 0.133333, 1, -0.498372, 0.500431, 0.513985, 0.486841, 0.2, 1, -0.499022, 0.499816, 0.513276, 0.487554, 0.3, 1, -0.500341, 0.498563, 0.511833, 0.488999, 0.4, 1, -0.501952, 0.497023, 0.51006, 0.490766, 0.466667, 1, -0.503118, 0.495902, 0.508768, 0.492045, 0.5, 1, -0.503715, 0.495325, 0.508105, 0.4927, 0.533333, 1, -0.504315, 0.494745, 0.507436, 0.493358, 0.633333, 1, -0.506078, 0.493029, 0.505463, 0.495293, 0.666667, 1, -0.50664, 0.492479, 0.50483, 0.49591, 0.7, 1, -0.507175, 0.491954, 0.504226, 0.496498, 0.766667, 1, -0.508163, 0.490983, 0.503109, 0.497582, 0.833333, 1, -0.509015, 0.490141, 0.502141, 0.498518, 0.9, 1, -0.509666, 0.489495, 0.501399, 0.499233, 1, 1, -0.510241, 0.488923, 0.500742, 0.499866, 1.23333, 1, -0.50971, 0.489451, 0.501349, 0.499282, 1.4, 1, -0.508424, 0.490725, 0.502813, 0.497869, 1.5, 1, -0.507401, 0.491732, 0.503971, 0.496746, 1.56667, 1, -0.506638, 0.492481, 0.504832, 0.495908, 1.63333, 1, -0.505834, 0.493268, 0.505737, 0.495025, 1.76667, 1, -0.504144, 0.494911, 0.507627, 0.49317, 1.83333, 1, -0.503288, 0.495738, 0.50858, 0.492231, 1.9, 1, -0.502445, 0.49655, 0.509515, 0.491306, 1.96667, 1, -0.501627, 0.497335, 0.510419, 0.490409, 2.03333, 1, -0.50085, 0.498078, 0.511274, 0.489558, 2.1, 1, -0.500131, 0.498764, 0.512064, 0.488769, 2.2, 1, -0.499185, 0.499662, 0.513099, 0.487732, 2.26667, 1, -0.498669, 0.50015, 0.513661, 0.487167, 2.36667, 1, -0.498098, 0.500689, 0.514283, 0.486541, 2.5, 1, -0.497796, 0.500974, 0.514611, 0.48621)
tracks/2/type = "position_3d"
tracks/2/imported = true
tracks/2/enabled = true
tracks/2/path = NodePath("Skeleton3D:collar.l")
tracks/2/interp = 1
tracks/2/loop_wrap = true
tracks/2/keys = PackedFloat32Array(0, 1, 0.0546138, 0.4067, 0.00335505, 0.2, 1, 0.0546138, 0.408009, 0.0034324, 0.3, 1, 0.0546138, 0.409419, 0.00351576, 0.366667, 1, 0.0546138, 0.410545, 0.00358228, 0.666667, 1, 0.0546138, 0.416213, 0.0039173, 0.733333, 1, 0.0546138, 0.417348, 0.00398437, 0.8, 1, 0.0546138, 0.418355, 0.00404385, 0.9, 1, 0.0546138, 0.419511, 0.00411219, 1.36667, 1, 0.0546138, 0.418487, 0.0040517, 1.46667, 1, 0.0546138, 0.417429, 0.00398916, 1.66667, 1, 0.0546138, 0.414889, 0.00383901, 2, 1, 0.0546138, 0.410373, 0.00357216, 2.1, 1, 0.0546138, 0.409194, 0.00350245, 2.2, 1, 0.0546138, 0.408182, 0.00344265, 2.36667, 1, 0.0546138, 0.407022, 0.00337409, 2.5, 1, 0.0546138, 0.4067, 0.00335505)
tracks/3/type = "rotation_3d"
tracks/3/imported = true
tracks/3/enabled = true
tracks/3/path = NodePath("Skeleton3D:collar.l")
tracks/3/interp = 1
tracks/3/loop_wrap = true
tracks/3/keys = PackedFloat32Array(0, 1, -0.497795, -0.500974, -0.514611, 0.48621, 0.133333, 1, -0.498372, -0.500431, -0.513985, 0.486841, 0.233333, 1, -0.499424, -0.499435, -0.512838, 0.487994, 0.3, 1, -0.500341, -0.498563, -0.511833, 0.488999, 0.366667, 1, -0.50139, -0.497561, -0.510679, 0.49015, 0.4, 1, -0.501952, -0.497023, -0.51006, 0.490766, 0.433333, 1, -0.502529, -0.496469, -0.509421, 0.491399, 0.5, 1, -0.503715, -0.495325, -0.508105, 0.4927, 0.533333, 1, -0.504315, -0.494745, -0.507436, 0.493358, 0.566667, 1, -0.504911, -0.494166, -0.50677, 0.494013, 0.6, 1, -0.5055, -0.493593, -0.506111, 0.494659, 0.666667, 1, -0.50664, -0.492479, -0.50483, 0.49591, 0.733333, 1, -0.507684, -0.491454, -0.503651, 0.497056, 0.766667, 1, -0.508163, -0.490983, -0.503109, 0.497582, 0.833333, 1, -0.509015, -0.490141, -0.502141, 0.498518, 0.933333, 1, -0.509915, -0.489248, -0.501115, 0.499507, 1.3, 1, -0.509271, -0.489887, -0.50185, 0.4988, 1.36667, 1, -0.508729, -0.490423, -0.502466, 0.498204, 1.43333, 1, -0.5081, -0.491045, -0.503181, 0.497513, 1.5, 1, -0.507401, -0.491732, -0.503971, 0.496746, 1.56667, 1, -0.506638, -0.492481, -0.504832, 0.495908, 1.63333, 1, -0.505834, -0.493268, -0.505737, 0.495025, 1.7, 1, -0.504997, -0.494083, -0.506675, 0.494106, 1.76667, 1, -0.504144, -0.494911, -0.507628, 0.49317, 1.83333, 1, -0.503288, -0.495738, -0.50858, 0.492231, 1.93333, 1, -0.502032, -0.496947, -0.509971, 0.490853, 2.06667, 1, -0.500483, -0.498428, -0.511677, 0.489155, 2.13333, 1, -0.499795, -0.499083, -0.512432, 0.4884, 2.23333, 1, -0.498915, -0.499917, -0.513393, 0.487437, 2.33333, 1, -0.498254, -0.500542, -0.514113, 0.486712, 2.5, 1, -0.497795, -0.500974, -0.514611, 0.48621)

[sub_resource type="Animation" id="Animation_2okva"]
resource_name = "crouch_loop"
length = 2.5
loop_mode = 1
tracks/0/type = "position_3d"
tracks/0/imported = true
tracks/0/enabled = true
tracks/0/path = NodePath("Skeleton3D:hip.r")
tracks/0/interp = 1
tracks/0/loop_wrap = true
tracks/0/keys = PackedFloat32Array(0, 1, -0.0243595, 0.0284677, 0.0158964)
tracks/1/type = "scale_3d"
tracks/1/imported = true
tracks/1/enabled = true
tracks/1/path = NodePath("Skeleton3D:hip.r")
tracks/1/interp = 1
tracks/1/loop_wrap = true
tracks/1/keys = PackedFloat32Array(0, 1, 1.00001, 1.05413, 1.03071)
tracks/2/type = "rotation_3d"
tracks/2/imported = true
tracks/2/enabled = true
tracks/2/path = NodePath("Skeleton3D:upperLeg.l")
tracks/2/interp = 1
tracks/2/loop_wrap = true
tracks/2/keys = PackedFloat32Array(0, 1, -0.487882, -0.128193, 0.481073, 0.717012, 0.166667, 1, -0.487102, -0.127689, 0.481367, 0.717435, 0.266667, 1, -0.48597, -0.126957, 0.48179, 0.718048, 0.333333, 1, -0.485007, -0.126334, 0.482147, 0.71857, 0.4, 1, -0.483946, -0.125647, 0.482543, 0.71914, 0.466667, 1, -0.482796, -0.124903, 0.482971, 0.719754, 0.533333, 1, -0.481579, -0.124114, 0.483422, 0.720403, 0.6, 1, -0.480325, -0.123301, 0.483885, 0.721069, 0.666667, 1, -0.479063, -0.122482, 0.484349, 0.721736, 0.766667, 1, -0.477221, -0.121286, 0.485022, 0.722706, 0.833333, 1, -0.476061, -0.120532, 0.485444, 0.723313, 0.9, 1, -0.475001, -0.119843, 0.485828, 0.723866, 0.966667, 1, -0.474054, -0.119228, 0.48617, 0.724359, 1.03333, 1, -0.473257, -0.118709, 0.486458, 0.724773, 1.13333, 1, -0.472397, -0.118149, 0.486766, 0.725218, 1.46667, 1, -0.473257, -0.118708, 0.486458, 0.724773, 1.56667, 1, -0.474512, -0.119525, 0.486005, 0.724121, 1.66667, 1, -0.476061, -0.120532, 0.485444, 0.723313, 1.73333, 1, -0.477221, -0.121286, 0.485022, 0.722706, 1.8, 1, -0.478439, -0.122077, 0.484577, 0.722065, 1.86667, 1, -0.479694, -0.122891, 0.484117, 0.721403, 1.96667, 1, -0.481579, -0.124114, 0.483422, 0.720403, 2.03333, 1, -0.482796, -0.124903, 0.482971, 0.719754, 2.1, 1, -0.483946, -0.125647, 0.482543, 0.71914, 2.16667, 1, -0.485007, -0.126334, 0.482147, 0.71857, 2.23333, 1, -0.48597, -0.126957, 0.48179, 0.718048, 2.3, 1, -0.486775, -0.127477, 0.48149, 0.717612, 2.4, 1, -0.48758, -0.127997, 0.481187, 0.717176, 2.5, 1, -0.487882, -0.128193, 0.481073, 0.717012)
tracks/3/type = "scale_3d"
tracks/3/imported = true
tracks/3/enabled = true
tracks/3/path = NodePath("Skeleton3D:upperLeg.l")
tracks/3/interp = 1
tracks/3/loop_wrap = true
tracks/3/keys = PackedFloat32Array(0, 1, 1.00126, 1.01753, 0.98662)
tracks/4/type = "rotation_3d"
tracks/4/imported = true
tracks/4/enabled = true
tracks/4/path = NodePath("Skeleton3D:foot.r")
tracks/4/interp = 1
tracks/4/loop_wrap = true
tracks/4/keys = PackedFloat32Array(0, 1, -0.827295, 0.0108617, 0.101513, 0.552414, 0.566667, 1, -0.827518, 0.0112923, 0.102287, 0.551928, 1.03333, 1, -0.827614, 0.0117589, 0.103115, 0.55162, 1.96667, 1, -0.827504, 0.0112535, 0.102219, 0.551962, 2.5, 1, -0.827295, 0.0108617, 0.101513, 0.552413)
tracks/5/type = "scale_3d"
tracks/5/imported = true
tracks/5/enabled = true
tracks/5/path = NodePath("Skeleton3D:foot.r")
tracks/5/interp = 1
